,0,1,2,3,4
0,2.0,50.177499999999995,50.239999999999995,0.02556199999889941,0.004208000002108747
1,3.0,50.192499999999995,50.260000000000005,0.02562000000034459,0.004232999999658205
2,4.0,50.195,50.260000000000005,0.0264549999992596,0.006998000000749016
3,5.0,50.349999999999994,50.349999999999994,0.028911999997944804,0.005549999998038402
4,6.0,50.3775,50.349999999999994,0.026518000002397457,0.004686000000219792
5,7.0,50.415,50.38,0.026312999998481246,0.004807999997865409
6,8.0,50.42250000000001,50.41,0.025947000001906417,0.007352000000537373
7,9.0,50.425,50.41,0.026881999998295214,0.005134999999427237
8,10.0,50.449999999999996,50.370000000000005,0.035853000001225155,0.006543999999848893
9,11.0,51.4575,51.35999999999999,0.02885700000115321,0.005446999999549007
10,12.0,51.5625,51.53,0.03927499999917927,0.007958999998663785
11,13.0,51.565000000000005,51.54,0.03108300000167219,0.008525999997800682
12,14.0,51.5675,51.54,0.03291499999977532,0.008533999996870989
13,15.0,51.57000000000001,51.54,0.05482299999857787,0.007538000001659384
14,16.0,51.65,51.57000000000001,0.03203900000153226,0.011409999999159481
15,17.0,51.654999999999994,51.57000000000001,0.03801200000089011,0.009190000000671716
16,18.0,51.66,51.559999999999995,0.03747500000099535,0.007663000000320608
17,19.0,51.675000000000004,51.53,0.035395999999309424,0.010310999998182524
18,20.0,51.685,51.519999999999996,0.031232000001182314,0.008886999999958789
19,21.0,51.6975,51.61,0.033383000001776963,0.00887700000021141
20,22.0,51.7425,51.68000000000001,0.03208900000026915,0.008483000001433538
21,23.0,51.88,51.4,0.04521000000022468,0.01043299999946612
22,24.0,51.94,51.42,0.03121399999872665,0.007767000002786517
23,25.0,51.980000000000004,51.4,0.040527999997721054,0.0071910000006027985
24,26.0,52.017500000000005,51.43,0.032158999998500803,0.006954000000405358
25,27.0,52.019999999999996,51.4,0.037849000000278465,0.010442000002512941
26,28.0,52.032500000000006,51.41,0.035131999997247476,0.008295000003272435
27,29.0,52.035,51.41,0.042457999999896856,0.009959999999409774
28,30.0,52.0375,51.449999999999996,0.02966299999752664,0.02295600000070408
29,31.0,52.2925,51.67,0.040085000000544824,0.00889900000038324
30,32.0,52.31249999999999,51.64,0.020421000001078937,0.013120000003254972
31,33.0,52.32,51.66,0.049175000000104774,0.012552000000141561
32,34.0,52.370000000000005,51.67,0.03866800000105286,0.009271999999327818
33,35.0,52.3725,51.67,0.04687700000067707,0.009996999997383682
34,36.0,52.38,51.68000000000001,0.0416449999975157,0.015718999999080552
35,37.0,52.3825,51.72,0.038688999997248175,0.009665000001405133
36,38.0,52.402499999999996,51.74999999999999,0.0412819999983185,0.012608999997610226
37,39.0,52.412499999999994,51.76,0.04862499999944703,0.013591000002634246
38,40.0,52.42,51.739999999999995,0.03731600000173785,0.013315000000147847
39,41.0,52.4625,51.68000000000001,0.04903299999932642,0.01442500000121072
40,42.0,52.4775,51.690000000000005,0.03939699999682489,0.015754000000015367
41,43.0,52.667500000000004,51.82,0.04745600000023842,0.015484000003198162
42,44.0,52.6825,51.870000000000005,0.05451399999947171,0.01730399999723886
43,45.0,52.695,51.88,0.04089600000224891,0.014489999997749692
44,46.0,52.70249999999999,51.970000000000006,0.04154700000071898,0.016545000002224697
45,47.0,52.705,51.980000000000004,0.03182300000116811,0.01352700000279583
46,48.0,52.715,51.970000000000006,0.045199999996839324,0.012901999998575775
47,49.0,52.725,51.980000000000004,0.04215899999690009,0.013470999998389743
48,50.0,52.73,51.949999999999996,0.04284699999698205,0.01177300000199466
49,51.0,52.754999999999995,51.92,0.04896799999914947,0.01779499999975087
50,52.0,52.7825,52.019999999999996,0.0394720000003872,0.012429999998857966
51,53.0,52.7875,52.01,0.04919099999824539,0.01650099999824306
52,54.0,52.7925,52.01,0.04158900000038557,0.01704999999856227
53,55.0,52.800000000000004,52.01,0.04065400000035879,0.014305000000604196
54,56.0,52.802499999999995,52.0,0.05092800000056741,0.019610999999713385
55,57.0,52.805,51.99,0.04217399999834015,0.014116999998805113
56,58.0,52.825,51.970000000000006,0.04492699999900651,0.015838999999687076
57,59.0,52.8325,51.970000000000006,0.04831899999771849,0.021584999998594867
58,60.0,52.8525,51.99,0.054550999997445615,0.01401600000099279
59,61.0,52.8825,52.03,0.043196000002353685,0.02146100000027218
60,62.0,52.900000000000006,52.03,0.017196000000694767,0.01897099999769125
61,63.0,53.012499999999996,52.16,0.01716099999975995,0.015021999999589752
62,64.0,53.025,52.18000000000001,0.019902000000001863,0.021244999999908032
63,65.0,53.032500000000006,52.190000000000005,0.02231200000096578,0.022538000001077307
64,66.0,53.044999999999995,52.17,0.025018000000272878,0.021946000000752974
65,67.0,53.095000000000006,52.18000000000001,0.019605999998020707,0.02201000000059139
66,68.0,53.115,52.190000000000005,0.022258000000874745,0.017918000001373002
67,69.0,54.302499999999995,53.410000000000004,0.01878500000020722,0.01564899999721092
68,70.0,54.32749999999999,53.400000000000006,0.01691199999913806,0.019379000001208624
69,71.0,54.33,53.410000000000004,0.03398899999956484,0.018374000002950197
70,72.0,54.337500000000006,53.400000000000006,0.01711799999975483,0.022208999998838408
71,73.0,54.339999999999996,53.37,0.022269999997661216,0.023484000001189997
72,74.0,54.3425,53.410000000000004,0.026602999998431187,0.028021000001899665
73,75.0,54.607499999999995,53.76,0.017141000000265194,0.01649899999756599
74,76.0,54.61,53.76,0.01649399999951129,0.020104999999603024
75,77.0,56.02,55.96,0.020426000002771616,0.019810000001598382
76,78.0,56.084999999999994,55.98,0.016967000003205612,0.02183599999989383
77,79.0,56.1775,56.14,0.016105999999126652,0.022355000000970904
78,80.0,56.1875,56.169999999999995,0.017220000001543667,0.017855000001873123
79,81.0,56.597500000000004,56.49999999999999,0.017433000000892207,0.0171539999973902
80,82.0,56.615,56.49999999999999,0.0174059999990277,0.02401599999939208
81,83.0,56.6175,56.53,0.018170999999711057,0.023230000002513407
82,84.0,56.64,56.57,0.021778999998787185,0.02466199999980745
83,85.0,56.6875,56.57,0.017109000000345986,0.019711000000825152
84,86.0,56.6925,56.55,0.01987600000211387,0.019618999998783693
85,87.0,56.6975,56.58,0.017155999998067273,0.022463000001152977
86,88.0,56.71000000000001,56.76,0.018144000001484528,0.019302000000607222
87,89.0,56.75,56.730000000000004,0.01798899999994319,0.019230999998399056
88,90.0,56.775,56.74,0.028302000002440764,0.032439000002341345
89,91.0,56.8225,56.82000000000001,0.020818000000872416,0.026149000001169043
90,92.0,56.85,56.769999999999996,0.03264199999830453,0.03821400000015274
91,93.0,56.879999999999995,56.82000000000001,0.02543399999922258,0.02469799999744282
92,94.0,57.027499999999996,56.71000000000001,0.026421999999001855,0.02827199999956065
93,95.0,57.04749999999999,56.68,0.018016999998508254,0.02022199999919394
94,96.0,57.0775,56.769999999999996,0.01767399999880581,0.020939999998518033
95,97.0,57.084999999999994,56.74,0.01838099999804399,0.022240999998757616
96,98.0,57.0925,56.779999999999994,0.021017000002757413,0.019954999999754364
97,99.0,57.097500000000004,56.74,0.018093999999109656,0.02036500000031083
98,100.0,57.1275,56.8,0.01854800000000978,0.0232079999987036
99,101.0,57.215,56.410000000000004,0.019104999999399297,0.023702999998931773
100,102.0,58.0125,57.36,0.025117000001046108,0.029968000002554618
101,103.0,58.027499999999996,57.35,0.020448999999644002,0.022055000001273584
102,104.0,58.037499999999994,57.32000000000001,0.021631999999954132,0.023241999999299878
103,105.0,58.045,57.31,0.02419699999882141,0.029652000001078704
104,106.0,58.097500000000004,57.32000000000001,0.023821000002499204,0.021805000000313157
105,107.0,58.099999999999994,57.32000000000001,0.02043299999786541,0.027626999999483814
106,108.0,58.10999999999999,57.31,0.02081700000053388,0.022155999999085907
107,109.0,58.120000000000005,57.31,0.021600000000034925,0.027257000001554843
108,110.0,58.12500000000001,57.31,0.020254999999451684,0.021699000000808155
109,111.0,58.14,57.330000000000005,0.023185000001831213,0.03200199999992037
110,112.0,58.162499999999994,57.32000000000001,0.021424999998998828,0.029365999998844927
111,113.0,58.17,57.42,0.024722999998630257,0.03035699999963981
112,114.0,58.182500000000005,57.410000000000004,0.024456999999529216,0.028478000000177417
113,115.0,58.184999999999995,57.379999999999995,0.021111999998538522,0.02777799999967101
114,116.0,58.2275,57.43000000000001,0.02247200000056182,0.026885999999649357
115,117.0,58.2775,57.50999999999999,0.020994999998947605,0.024578999997174833
116,118.0,58.285,57.52,0.021091999999043765,0.02510700000129873
117,119.0,58.3275,57.589999999999996,0.028458999997383216,0.0318939999997383
118,120.0,58.342499999999994,57.53,0.021075000000564614,0.02345199999763281
119,121.0,58.3625,57.589999999999996,0.03149100000155158,0.032269999999698484
120,122.0,58.4225,57.599999999999994,0.021880000000237487,0.029264000000694068
121,123.0,58.425000000000004,57.60999999999999,0.02305300000080024,0.02662400000190246
122,124.0,58.46249999999999,57.66,0.02254199999879347,0.025015999999595806
123,125.0,58.4925,57.699999999999996,0.02202000000033877,0.029255999997985782
124,126.0,58.51499999999999,57.709999999999994,0.02746800000022631,0.027354000001651002
125,127.0,58.552499999999995,57.75,0.02722900000298978,0.029962000000523403
126,128.0,58.555,57.75,0.021469000002980465,0.03037200000107987
127,129.0,58.565,57.74,0.021788999998534564,0.025832000002992572
128,130.0,58.5825,57.8,0.025720999998156913,0.031410999999934575
129,131.0,58.587500000000006,57.809999999999995,0.023032000000966946,0.027442999999038875
130,132.0,58.6125,57.79,0.022611000000324566,0.032363999998779036
131,133.0,58.620000000000005,57.79,0.023958000001584878,0.0276110000013432
132,134.0,58.6325,57.809999999999995,0.023997000000235857,0.026929999999993015
133,135.0,58.650000000000006,57.8,0.023656000001210487,0.029202000001532724
134,136.0,58.655,57.84,0.025076999998418614,0.032478000000992324
135,137.0,58.7175,57.84,0.024543999999877997,0.042682999999669846
136,138.0,58.720000000000006,57.91,0.026146000000153435,0.030833000000711763
137,139.0,58.730000000000004,57.93000000000001,0.023777999998856103,0.02676399999836576
138,140.0,58.79,58.02,0.024669999998877756,0.031101999997190433
139,141.0,58.8,58.02,0.024676999997609528,0.0360789999976987
140,142.0,58.8225,57.989999999999995,0.027965999997832114,0.037561000001005596
141,143.0,58.835,57.96,0.025258000001485925,0.029927999999927124
142,144.0,58.8475,57.95,0.02267800000117859,0.027977000001556007
143,145.0,58.85,57.989999999999995,0.028188000000227476,0.0395250000001397
144,146.0,58.8625,57.97,0.029613999999128282,0.036980999997467734
145,147.0,58.87,57.95,0.03025100000013481,0.03695800000059535
146,148.0,58.875,57.96,0.028979999999137362,0.04136300000027404
147,149.0,58.879999999999995,57.97,0.039856999999756226,0.045225999998365296
148,150.0,58.9025,57.98,0.03395300000192947,0.0408739999984391
149,151.0,58.919999999999995,57.98,0.03080000000045402,0.033878999998705694
150,152.0,59.089999999999996,57.9,0.03279599999950733,0.03801999999996042
151,153.0,59.11,57.99999999999999,0.035425000001851004,0.04255900000134716
152,154.0,59.12,58.02,0.029739000001427485,0.039482000000134576
153,155.0,59.135000000000005,58.02,0.036670999998023035,0.04335400000127265
154,156.0,59.145,58.040000000000006,0.02793999999994412,0.029650000000401633
155,157.0,59.150000000000006,58.01,0.02639399999679881,0.029456000000209315
156,158.0,60.417500000000004,59.489999999999995,0.03070799999841256,0.04564500000196858
157,159.0,60.425,59.46,0.027614999999059364,0.03145500000027823
158,160.0,60.4725,59.51,0.025966999997763196,0.030298000001494074
159,161.0,60.480000000000004,59.5,0.026914999998552958,0.034224999999423744
160,162.0,60.485,59.5,0.030520000000251457,0.04152800000156276
161,163.0,60.525,59.440000000000005,0.029325999999855412,0.03382699999929173
162,164.0,60.5325,59.45,0.030979999999544816,0.03347399999984191
163,165.0,60.535000000000004,59.489999999999995,0.04052099999898928,0.03845699999874341
164,166.0,60.5575,59.48,0.03366900000037276,0.044631000000663335
165,167.0,60.57,59.47,0.02590299999792478,0.033653999998932704
166,168.0,60.58,59.41,0.027989999998681014,0.03511100000105216
167,169.0,60.61,59.43000000000001,0.03723600000012084,0.049462999999377644
168,170.0,60.62,59.440000000000005,0.033138000002509216,0.035606000001280336
169,171.0,60.62499999999999,59.48,0.03492299999925308,0.03426399999807472
170,172.0,60.629999999999995,59.489999999999995,0.026587000000290573,0.03309299999818904
171,173.0,60.660000000000004,59.28,0.03387799999836716,0.04221799999868381
172,174.0,60.67,59.29,0.02951000000030035,0.03984700000000885
173,175.0,60.675000000000004,59.27,0.03278399999908288,0.03326999999990221
174,176.0,60.677499999999995,59.29,0.026837000001251,0.040537000000767875
175,177.0,60.68,59.29,0.02857399999993504,0.034921999998914544
176,178.0,60.705,59.330000000000005,0.03294199999800185,0.04249400000117021
177,179.0,60.712500000000006,59.34,0.02928599999722792,0.04813800000192714
178,180.0,61.085,59.760000000000005,0.03095699999903445,0.03582499999902211
179,181.0,61.112500000000004,59.78,0.03601899999921443,0.044984000000113156
180,182.0,61.114999999999995,59.74,0.03730999999970663,0.048197000000072876
181,183.0,61.1275,59.730000000000004,0.040541999998822575,0.05208900000070571
182,184.0,61.129999999999995,59.74,0.030370999997103354,0.03488399999696412
183,185.0,61.14000000000001,59.72,0.03413599999839789,0.04425400000036461
184,186.0,61.17,59.74,0.034964999998919666,0.045583999999507796
185,187.0,61.2325,59.79,0.030348000000230968,0.03682600000320235
186,188.0,61.2375,59.870000000000005,0.040143000001990004,0.03958799999963958
187,189.0,61.3125,59.940000000000005,0.03316600000107428,0.035732000000280095
188,190.0,61.324999999999996,59.919999999999995,0.030019999998330604,0.04359699999986333
189,191.0,61.3375,59.96,0.03950299999996787,0.04272499999933643
190,192.0,61.345000000000006,59.97,0.03575499999715248,0.046145999996952014
191,193.0,61.3525,59.96,0.042382999999972526,0.043053000001236796
192,194.0,61.355000000000004,59.940000000000005,0.044212000000698026,0.05341799999951036
193,195.0,61.365,59.940000000000005,0.03270100000008824,0.0512830000006943
194,196.0,61.370000000000005,59.919999999999995,0.043016999999963446,0.05626800000027288
195,197.0,61.375,59.919999999999995,0.04203899999993155,0.04193999999915832
196,198.0,61.38249999999999,59.919999999999995,0.048158999998122454,0.06192699999883189
197,199.0,61.4025,59.89,0.04335900000296533,0.06108999999923981
198,200.0,61.415,59.88,0.03437500000291038,0.044130000002041925
199,201.0,61.419999999999995,59.89,0.03695800000059535,0.04955899999913527
200,202.0,61.425,59.88,0.04026499999963562,0.03904399999737507
201,203.0,61.47,59.89,0.04054600000017672,0.05028699999820674
202,204.0,61.482499999999995,59.91,0.0381310000011581,0.042303000001993496
203,205.0,61.485,59.940000000000005,0.03855400000247755,0.05311900000015157
204,206.0,61.5125,60.0,0.035465999997541076,0.04636400000163121
205,207.0,61.5275,60.0,0.03376099999877624,0.04028499999913038
206,208.0,61.5475,60.099999999999994,0.03708399999959511,0.05111199999737437
207,209.0,61.5575,60.07,0.04507300000113901,0.047062999998161104
208,210.0,61.57,60.089999999999996,0.04542000000219559,0.05946899999980815
209,211.0,61.7,60.129999999999995,0.05165800000031595,0.06039800000144169
210,212.0,61.70250000000001,60.129999999999995,0.04404200000135461,0.05361300000004121
211,213.0,61.8775,60.3,0.04048999999940861,0.04907399999865447
212,214.0,61.91,60.39,0.04137300000002142,0.05651399999987916
213,215.0,62.0125,60.39,0.03765500000008615,0.0587020000020857
214,216.0,62.03999999999999,60.370000000000005,0.04159599999911734,0.05582700000013574
215,217.0,62.05500000000001,60.41,0.042080999999598134,0.052862000000459375
216,218.0,62.177499999999995,60.5,0.0460480000001553,0.06187399999907939
217,219.0,62.324999999999996,61.019999999999996,0.05805600000167033,0.05490799999824958
218,220.0,62.33,61.040000000000006,0.031468999997741776,0.04703700000027311
219,221.0,62.3375,61.019999999999996,0.047819999999774154,0.06059599999935017
220,222.0,62.34499999999999,61.01,0.04263100000025588,0.05225100000097882
221,223.0,62.3625,61.019999999999996,0.040535000000090804,0.05786499999885564
222,224.0,62.38,61.029999999999994,0.03518499999699998,0.06292100000064238
223,225.0,62.425,61.06,0.03741699999955017,0.03264599999965867
224,226.0,62.68,61.29,0.041436999999859836,0.048303999999916414
225,227.0,62.6825,61.24000000000001,0.04621000000042841,0.0726409999988391
226,228.0,63.0475,61.739999999999995,0.08850300000267453,0.08690299999943818
227,229.0,63.0625,61.83,0.03754299999854993,0.04379699999844888
228,230.0,63.127500000000005,61.870000000000005,0.06851100000130828,0.05267900000035297
229,231.0,63.1325,61.870000000000005,0.06045499999891035,0.09907399999792688
230,232.0,63.1475,61.91,0.03863700000147219,0.053996999999071704
231,233.0,63.185,61.88,0.03960000000006403,0.05033299999922747
232,234.0,63.2,61.9,0.035847999999532476,0.05786499999885564
233,235.0,63.3,62.07,0.04241799999726936,0.0476779999989958
234,236.0,63.305,62.08,0.03701000000000931,0.0480889999998908
235,237.0,63.307500000000005,62.12,0.040389999998296844,0.050889999998616986
236,238.0,63.3275,62.19,0.04133400000137044,0.05062099999850034
237,239.0,63.334999999999994,62.27,0.04762699999992037,0.050423000000591855
238,240.0,63.339999999999996,62.27,0.03526699999929406,0.053684999998949934
239,241.0,63.365,62.260000000000005,0.04374100000131875,0.06367599999794038
240,242.0,63.372499999999995,62.23,0.03652199999851291,0.048898999997618375
241,243.0,63.455,62.21,0.03782399999909103,0.052147999998851446
242,244.0,63.46000000000001,62.21,0.04713899999842397,0.060272999999142485
243,245.0,63.4875,62.23,0.042583999998896616,0.05300400000123773
244,246.0,63.505,62.27,0.0372109999989334,0.05048700000043027
245,247.0,63.532500000000006,62.33,0.04211899999791058,0.047335999999631895
246,248.0,63.580000000000005,62.36000000000001,0.04035999999905471,0.04615100000228267
247,249.0,63.5875,62.370000000000005,0.04539500000100816,0.056167000002460554
248,250.0,63.6425,62.27,0.03910300000279676,0.050350999998045154
249,251.0,63.6525,62.239999999999995,0.03554499999881955,0.052815999999438645
250,252.0,63.654999999999994,62.25000000000001,0.048395999998319894,0.06545299999925192
251,253.0,63.6875,62.2,0.038386000000173226,0.05486200000086683
252,254.0,63.707499999999996,62.18,0.04398399999990943,0.059293000002071494
253,255.0,63.722500000000004,62.160000000000004,0.03520299999945564,0.050621999998838874
254,256.0,63.745,62.129999999999995,0.054846000002726214,0.07753600000069127
255,257.0,63.775000000000006,62.18,0.04162200000064331,0.056068000001687324
256,258.0,63.79,62.22,0.047277999998186715,0.06309799999871757
257,259.0,63.805,62.21,0.041823999999905936,0.063428000001295
258,260.0,63.8075,62.18,0.04402300000219839,0.054667000000335975
259,261.0,63.8275,62.29,0.07707600000139792,0.06995699999970384
260,262.0,63.8675,62.33,0.04963599999973667,0.06401700000060373
261,263.0,63.8725,62.32,0.042305999999371124,0.057613999997556675
262,264.0,63.895,62.29,0.03832700000202749,0.05885399999897345
263,265.0,63.902499999999996,62.3,0.052090000001044245,0.06371999999828404
264,266.0,63.90749999999999,62.32,0.07124300000214134,0.07073200000013458
265,267.0,63.915,62.3,0.061299000000872184,0.07969500000035623
266,268.0,63.959999999999994,62.36000000000001,0.04276200000094832,0.05927499999961583
267,269.0,63.9725,62.39,0.04225299999961862,0.054371999998693354
268,270.0,63.975,62.4,0.04260399999839137,0.05436399999962305
269,271.0,63.9775,62.39,0.04443400000309339,0.05717400000139605
270,272.0,63.99,62.4,0.03619800000160467,0.05983800000103656
271,273.0,63.997499999999995,62.38,0.03681200000210083,0.06119100000069011
272,274.0,64.0075,62.39,0.04574999999749707,0.05684399999881862
273,275.0,64.1775,62.6,0.0663170000007085,0.08642200000031153
274,276.0,64.235,62.660000000000004,0.0539890000000014,0.07656599999972968
275,277.0,64.2375,62.660000000000004,0.03981700000076671,0.061473000001569744
276,278.0,64.275,62.68,0.05987800000002608,0.08052699999825563
277,279.0,64.2875,62.660000000000004,0.039530999998532934,0.061605999999301275
278,280.0,64.3,62.7,0.04852099999698112,0.062406999997620005
279,281.0,64.3025,62.71,0.052607999998144805,0.06830999999874621
280,282.0,64.3625,62.7,0.05651699999725679,0.07146600000123726
281,283.0,64.385,62.69,0.047739999998157145,0.06662900000083027
282,284.0,64.3925,62.77,0.044562999999470776,0.0662929999998596
283,285.0,64.395,62.77,0.07443100000091363,0.07187600000179373
284,286.0,64.445,62.74999999999999,0.06547900000077789,0.09954500000094413
285,287.0,64.4475,62.760000000000005,0.059745000002294546,0.07249699999738368
286,288.0,64.4625,62.739999999999995,0.03802899999936926,0.06600900000194088
287,289.0,64.4675,62.739999999999995,0.06024199999956181,0.09301499999855878
288,290.0,64.49249999999999,62.73,0.04252199999973527,0.06006800000250223
289,291.0,64.4975,62.72,0.04174600000260398,0.06549400000221794
290,292.0,64.505,62.69,0.05449199999929988,0.07454999999754364
291,293.0,64.6425,62.8,0.047451999998884276,0.06408299999748124
292,294.0,64.6575,62.849999999999994,0.07094900000083726,0.09113500000239583
293,295.0,64.6675,62.86000000000001,0.04015399999843794,0.0620600000002014
294,296.0,64.6725,62.839999999999996,0.046796000002359506,0.07146300000022165
295,297.0,64.7025,62.77,0.0421859999987646,0.06332200000179
296,298.0,64.75,62.8,0.04537799999889103,0.06387399999948684
297,299.0,64.78,63.0,0.041003999998793006,0.06742899999881047
298,300.0,64.7825,62.99,0.04949300000225776,0.06479100000069593
299,301.0,64.785,63.0,0.041511999999784166,0.06422299999758252
300,302.0,64.8125,63.019999999999996,0.04770899999857647,0.06394600000203354
301,303.0,64.815,63.029999999999994,0.0441850000024715,0.06721499999912339
302,304.0,65.01249999999999,63.260000000000005,0.037827000000106636,0.06187600000339444
303,305.0,65.02,63.29,0.042414999999891734,0.06275399999867659
304,306.0,65.035,63.28,0.06104299999788054,0.09430100000099628
305,307.0,65.07,63.27,0.04467400000066846,0.06564700000308221
306,308.0,65.1525,63.53,0.04440900000190595,0.06781700000283308
307,309.0,65.21000000000001,63.55,0.04106399999727728,0.06260800000018207
308,310.0,65.235,63.519999999999996,0.0652379999992263,0.08819399999993038
309,311.0,65.3275,63.78,0.04152800000156276,0.06717700000081095
310,312.0,65.335,63.81,0.06466699999873526,0.07026399999813293
311,313.0,65.35,63.849999999999994,0.056241999998746905,0.11484600000039791
312,314.0,65.36,63.849999999999994,0.045076000002154615,0.06605799999670126
313,315.0,65.3625,63.849999999999994,0.04586600000038743,0.07393900000170106
314,316.0,65.365,63.839999999999996,0.08366199999727542,0.08530199999950128
315,317.0,65.375,63.85999999999999,0.0467739999985497,0.06951399999888963
316,318.0,65.38000000000001,63.85999999999999,0.06190200000128243,0.09302600000228267
317,319.0,65.3825,63.83,0.06051300000035553,0.078972999999678
318,320.0,65.3925,63.839999999999996,0.05417500000112341,0.0880749999996624
319,321.0,65.39500000000001,63.85999999999999,0.05139699999926961,0.08220699999947101
320,322.0,65.41749999999999,63.970000000000006,0.04716499999994994,0.08611499999824446
321,323.0,65.44250000000001,63.94,0.0619139999980689,0.08870400000159862
322,324.0,65.4525,63.949999999999996,0.061944999997649575,0.07942900000125519
323,325.0,65.4675,63.94,0.08162399999855552,0.10093400000187103
324,326.0,65.47500000000001,63.949999999999996,0.05709700000079465,0.08169099999940954
325,327.0,65.4875,63.949999999999996,0.04697099999975762,0.06910599999901024
326,328.0,65.49000000000001,63.949999999999996,0.04423600000154693,0.07497199999852455
327,329.0,65.495,63.92,0.054161000000021886,0.07061099999918952
328,330.0,65.5,63.94,0.05733900000268477,0.0895299999974668
329,331.0,65.5325,64.03,0.04241800000090734,0.08037400000102934
330,332.0,65.5625,64.07000000000001,0.05827099999805796,0.08511600000201724
331,333.0,65.58500000000001,64.01,0.05827800000042771,0.08726799999931245
332,334.0,65.5925,63.980000000000004,0.0505139999986568,0.08381000000008498
333,335.0,65.63,64.14999999999999,0.051618000001326436,0.07607099999950151
334,336.0,65.6375,64.17,0.05160099999920931,0.0743979999970179
335,337.0,65.645,64.17,0.05029199999989942,0.07526900000084424
336,338.0,65.64750000000001,64.19,0.045403000000078464,0.07674300000144285
337,339.0,65.6625,64.19,0.06511799999861978,0.08982999999716412
338,340.0,65.6775,64.18,0.048918000000412576,0.07340100000146776
339,341.0,65.68,64.16,0.04983200000060606,0.07868099999905098
340,342.0,65.6825,64.16,0.06547200000204612,0.09221199999956298
341,343.0,65.6925,64.12,0.04537200000049779,0.07740299999932176
342,344.0,65.7025,64.07000000000001,0.06735900000057882,0.08646900000167079
343,345.0,65.71000000000001,64.1,0.06205300000146963,0.09154800000032992
344,346.0,65.73,64.09,0.047636000002967194,0.07015300000057323
345,347.0,65.7425,64.08,0.05640999999741325,0.08267599999817321
346,348.0,65.795,64.13,0.05716099999699509,0.09344399999827147
347,349.0,65.80749999999999,64.12,0.04871900000216556,0.07198699999935343
348,350.0,65.845,64.2,0.059617000002617715,0.07387700000253972
349,351.0,65.875,64.19,0.05100799999854644,0.07843900000079884
350,352.0,65.8775,64.19,0.09249800000179675,0.09969599999749335
351,353.0,65.8875,64.19,0.09134799999810639,0.11330200000156765
352,354.0,65.8925,64.2,0.05191700000068522,0.0842850000008184
353,355.0,66.005,64.24,0.04997200000070734,0.08597400000144262
354,356.0,66.01,64.25,0.05050999999730266,0.07597699999678298
355,357.0,66.0125,64.25,0.06480300000112038,0.08517299999948591
356,358.0,66.02,64.22,0.057698999997228384,0.08091000000058557
357,359.0,66.05,64.23,0.05149899999742047,0.07835100000011153
358,360.0,66.0675,64.24,0.06491399999868008,0.07488200000079814
359,361.0,66.12,64.32,0.05964000000312808,0.07609400000001187
360,362.0,66.13250000000001,64.3,0.04881100000056904,0.08051699999850825
361,363.0,66.14,64.3,0.05450900000141701,0.08064300000114599
362,364.0,66.14999999999999,64.33,0.05263500000000931,0.07965999999942142
363,365.0,66.1925,64.31,0.06741899999906309,0.08268200000020443
364,366.0,66.21249999999999,64.35,0.0492950000007113,0.07613499999933993
365,367.0,66.22,64.34,0.049090000000433065,0.07362900000225636
366,368.0,66.23,64.35,0.04776599999968312,0.07644900000013877
367,369.0,66.69500000000001,65.01,0.06293600000208244,0.08136999999987893
368,370.0,66.71249999999999,64.99000000000001,0.10516700000152923,0.11648100000093109
369,371.0,66.7175,65.0,0.06570599999758997,0.09295099999872036
370,372.0,66.72,64.98,0.07035199999882025,0.0862989999986894
371,373.0,66.72749999999999,65.01,0.15857300000061514,0.2715399999979127
372,374.0,66.7425,65.0,0.0660760000027949,0.09052900000096997
373,375.0,66.78,64.99000000000001,0.05766800000128569,0.0857300000025134
374,376.0,66.7875,64.99000000000001,0.06529600000067148,0.08995399999912479
375,377.0,66.8025,65.08,0.06787099999928614,0.08743699999831733
376,378.0,66.815,65.07,0.05480399999942165,0.09652099999948405
377,379.0,66.8425,65.05,0.061143999999330845,0.09129400000165333
378,380.0,66.845,65.08,0.05570599999919068,0.08069999999861466
379,381.0,66.89500000000001,65.12,0.06267799999841372,0.08313300000008894
380,382.0,66.9,65.12,0.05082600000241655,0.08111099999950966
381,383.0,66.91749999999999,65.13,0.05596199999854434,0.08254099999976461
382,384.0,66.94,65.16,0.04229900000063935,0.07807799999864073
383,385.0,66.945,65.21000000000001,0.060449999997217674,0.08568700000250828
384,386.0,66.9625,65.21000000000001,0.06011199999920791,0.09691499999826192
385,387.0,66.975,65.19,0.05521500000031665,0.08760800000163727
386,388.0,66.97999999999999,65.21000000000001,0.07525100000202656,0.09809499999755644
387,389.0,67.0025,65.19,0.060553000002983026,0.08668900000338908
388,390.0,67.0225,65.27,0.09442099999796483,0.1121629999979632
389,391.0,67.045,65.29,0.05026300000099582,0.0851890000012645
390,392.0,67.05499999999999,65.24,0.05802899999980582,0.07758099999773549
391,393.0,67.07,65.25999999999999,0.08702600000106031,0.08153200000015204
392,394.0,67.0725,65.24,0.0776030000015453,0.10822100000223145
393,395.0,67.07499999999999,65.25,0.09853699999803212,0.09614199999850825
394,396.0,67.08,65.25999999999999,0.0688449999979639,0.10557899999912479
395,397.0,67.0825,65.28,0.05105099999855156,0.0831720000023779
396,398.0,67.0875,65.27,0.061259999998583226,0.0826199999974051
397,399.0,67.0975,65.28,0.049815999998827465,0.0722940000014205
398,400.0,67.1075,65.32,0.053703999998106156,0.10005500000261236
399,401.0,67.11500000000001,65.34,0.056235000000015134,0.08602000000246335
400,402.0,67.1275,65.25,0.06430100000216044,0.09330600000248523
401,403.0,67.13,65.28,0.05373899999904097,0.09102999999959138
402,404.0,67.14750000000001,65.32,0.05128899999908754,0.10170999999900232
403,405.0,67.15,65.36,0.05520500000056927,0.0900340000007418
404,406.0,67.16499999999999,65.33,0.057977000000391854,0.0869570000031672
405,407.0,67.175,65.35,0.06567700000232435,0.1491969999988214
406,408.0,67.17999999999999,65.35,0.046738000000914326,0.08613300000070012
407,409.0,67.1825,65.35,0.1034940000026836,0.15006699999867124
408,410.0,67.1925,65.36999999999999,0.09822200000053272,0.14139800000339164
409,411.0,67.2,65.35,0.062002999999094754,0.09762400000181515
410,412.0,67.21249999999999,65.36999999999999,0.09809400000085589,0.11816900000121677
411,413.0,67.22749999999999,65.42,0.06415199999901233,0.0901350000021921
412,414.0,67.23,65.42999999999999,0.059609999996609986,0.09583899999779533
413,415.0,67.235,65.42,0.052457999998296145,0.08895699999993667
414,416.0,67.2375,65.44,0.046936999999161344,0.08945599999788101
415,417.0,67.2425,65.45,0.07442900000023656,0.1119749999998021
416,418.0,67.2525,65.45,0.0556670000005397,0.09538899999824935
417,419.0,67.2825,65.44,0.05796600000030594,0.09375500000169268
418,420.0,67.29,65.42,0.05801200000132667,0.09437199999956647
419,421.0,67.2925,65.46,0.07108799999696203,0.1054710000025807
420,422.0,67.2975,65.51,0.08165999999982887,0.1017680000004475
421,423.0,67.31,65.57,0.06874500000049011,0.09026199999789242
422,424.0,67.315,65.57,0.06922900000063237,0.14932499999849824
423,425.0,67.325,65.52,0.06059599999935017,0.09366299999965122
424,426.0,67.6675,66.09,0.07277700000122422,0.10414400000081514
425,427.0,67.67,66.09,0.08756999999968684,0.12207500000295113
426,428.0,67.6875,66.13,0.0650260000002163,0.09523699999772361
427,429.0,68.38499999999999,66.91,0.08455599999797414,0.11320799999884912
428,430.0,68.425,66.97,0.06394799999907264,0.09330600000248523
429,431.0,68.4275,66.96,0.063042999998288,0.09302799999932176
430,432.0,68.4825,67.0,0.05379000000175438,0.08988500000123167
431,433.0,68.4875,67.02,0.07443000000057509,0.09696100000292063
432,434.0,68.49,66.97999999999999,0.06971200000043609,0.09053599999970174
433,435.0,68.5175,67.05,0.06367900000259397,0.09778999999980442
434,436.0,68.525,67.08,0.08829599999808124,0.1279930000018794
435,437.0,68.5275,67.09,0.06609000000025844,0.10545099999944796
436,438.0,68.61500000000001,67.24,0.09489100000064354,0.11395999999876949
437,439.0,68.64,67.25999999999999,0.07012599999870872,0.12050799999997253
438,440.0,68.645,67.23,0.06096099999922444,0.09407999999893946
439,441.0,68.655,67.2,0.17706200000247918,0.17663700000048266
440,442.0,68.67,67.2,0.10164099999747123,0.09950099999696249
441,443.0,68.685,67.21000000000001,0.0881760000011127,0.11906199999793898
442,444.0,68.695,67.17999999999999,0.08816700000170385,0.13501600000017788
443,445.0,68.6975,67.25,0.08331100000214064,0.11439299999983632
444,446.0,68.73,67.23,0.07159200000023702,0.15674000000217347
445,447.0,68.7375,67.24,0.07898800000111805,0.11737300000095274
446,448.0,68.74249999999999,67.25999999999999,0.06570300000021234,0.1094859999975597
447,449.0,68.7675,67.25999999999999,0.08954299999822979,0.10394300000189105
448,450.0,68.7825,67.25999999999999,0.086819000000105,0.10360600000058184
449,451.0,68.7925,67.30000000000001,0.06467200000042794,0.10111700000197743
450,452.0,68.8025,67.31,0.0700909999977739,0.10270300000047428
451,453.0,68.865,67.33,0.06828300000051968,0.10048399999868707
452,454.0,68.8725,67.35,0.0691289999995206,0.10568499999862979
453,455.0,68.8925,67.32000000000001,0.07679799999823445,0.11403799999970943
454,456.0,68.8975,67.32000000000001,0.06811999999990803,0.1017680000004475
455,457.0,68.9025,67.33,0.07237900000109221,0.10247600000002421
456,458.0,68.91000000000001,67.33,0.07374700000218581,0.12011600000187173
457,459.0,68.925,67.36999999999999,0.07058900000265567,0.09908399999767425
458,460.0,68.93,67.35,0.08964299999934155,0.11548300000140443
459,461.0,68.93249999999999,67.35,0.06924900000012713,0.11291499999788357
460,462.0,68.9425,67.36,0.0964750000021013,0.11790299999847775
461,463.0,68.94749999999999,67.36,0.08048799999960465,0.10592499999984284
462,464.0,68.96,67.34,0.10496100000091246,0.19296100000065053
463,465.0,68.9625,67.31,0.09556900000097812,0.11384800000087125
464,466.0,68.9725,67.32000000000001,0.1007080000017595,0.10822700000062468
465,467.0,68.975,67.32000000000001,0.07693299999664305,0.10188599999673897
466,468.0,68.9925,67.33,0.09020699999746284,0.11662599999908707
467,469.0,69.0025,67.39,0.07141699999920093,0.1173949999974866
468,470.0,69.0075,67.38,0.1534749999991618,0.17610699999931967
469,471.0,69.0925,67.45,0.06552699999883771,0.10959000000002561
470,472.0,69.11500000000001,67.44,0.06573299999945448,0.1130810000031488
471,473.0,69.1225,67.5,0.11200199999802862,0.1331979999995383
472,474.0,69.1275,67.51,0.08014100000218605,0.10561999999845284
473,475.0,69.1325,67.51,0.0814509999981965,0.10829200000080164
474,476.0,69.1375,67.47,0.06952199999795994,0.10581200000160607
475,477.0,69.155,67.49000000000001,0.07506499999726657,0.11031200000070385
476,478.0,69.3425,67.72,0.08199299999978393,0.12767800000074203
477,479.0,69.3475,67.7,0.06728800000200863,0.10730200000034529
478,480.0,69.365,67.84,0.07415100000071106,0.11923699999897508
479,481.0,69.3675,67.84,0.11410999999861815,0.18131499999799416
480,482.0,69.38,67.75,0.08675500000026659,0.12229799999840907
481,483.0,69.39,67.75,0.07536900000195601,0.12898000000132015
482,484.0,69.3925,67.75,0.08039999999891734,0.12408599999980652
483,485.0,69.405,67.78999999999999,0.1288380000005418,0.10887899999943329
484,486.0,69.42,67.83,0.0857560000004014,0.12306099999841535
485,487.0,69.44500000000001,67.88,0.09078199999930803,0.1441110000014305
486,488.0,69.45,67.86,0.09571000000141794,0.1939520000014454
487,489.0,69.4725,67.89,0.12577699999746983,0.1415030000025581
488,490.0,69.4875,67.89,0.08925100000124075,0.1381989999972575
489,491.0,69.515,67.88,0.08945300000050338,0.11907900000005611
490,492.0,69.52000000000001,67.88,0.09144100000048638,0.13233300000138115
491,493.0,69.675,68.12,0.08918999999877997,0.1285360000001674
492,494.0,69.69999999999999,68.23,0.07689100000061444,0.11240399999951478
493,495.0,69.72,68.22,0.09212099999786005,0.13426500000059605
494,496.0,69.7225,68.26,0.10017800000059651,0.14489300000059302
495,497.0,69.73,68.23,0.10764199999903212,0.1345260000016424
496,498.0,69.785,68.39,0.08256400000027497,0.10900799999944866
497,499.0,69.8075,68.42,0.12350299999889103,0.14549199999964912
498,500.0,69.815,68.42,0.09513800000058836,0.12421900000117603
