,0,1,2,3,4
0,1696.0,84.895,84.00999999999999,0.31329900000127964,0.5823310000014317
1,870.0,83.4525,82.45,0.13690399999904912,0.20818599999984144
2,553.0,82.21000000000001,81.77,0.09042799999951967,0.12095800000315649
3,382.0,81.0475,80.84,0.046210999997128965,0.08012199999939185
4,283.0,79.8525,79.55,0.05102000000260887,0.060640000003331807
5,208.0,77.8525,77.35,0.0381020000022545,0.052631999998993706
6,160.0,75.41,75.17,0.028247999998711748,0.03615899999931571
7,134.0,74.18,73.85000000000001,0.02558399999907124,0.027292999999190215
8,103.0,72.94,73.34,0.024884999998903368,0.02640400000018417
9,84.0,70.6875,71.00999999999999,0.024910000000090804,0.023859999997512205
10,71.0,69.67999999999999,69.34,0.02368399999977555,0.019658999997773208
11,60.0,69.37,68.91000000000001,0.02182399999946938,0.018206000000645872
12,50.0,69.085,68.52000000000001,0.022171000000525964,0.013664999998582061
13,45.0,69.00500000000001,68.52000000000001,0.019454000001132954,0.012253000000782777
14,36.0,68.1225,67.56,0.019405000002734596,0.014474999999947613
15,33.0,68.0375,67.34,0.023241999999299878,0.013244999998278217
16,29.0,67.085,67.10000000000001,0.021090000002004672,0.009943000000930624
17,24.0,66.82249999999999,66.86999999999999,0.013466000000335043,0.011592999999265885
18,20.0,65.035,64.96,0.01786299999730545,0.00886499999978696
19,15.0,64.4375,65.32,0.026700999998865882,0.012768000000505708
20,12.0,61.212500000000006,62.09,0.02311600000030012,0.010030999997979961
21,9.0,56.745000000000005,57.66,0.016845999998622574,0.009882999998808373
22,8.0,55.6875,56.11000000000001,0.015436999998200918,0.00932200000170269
23,8.0,55.6875,56.11000000000001,0.010202000001299893,0.005975000000034925
24,6.0,54.93749999999999,55.28999999999999,0.010729999998147832,0.0067009999984293245
25,6.0,54.93749999999999,55.28999999999999,0.014978000002884073,0.008442999998806044
26,5.0,55.21,55.08,0.012860999999247724,0.007322000001295237
